532.0439  4.5409  0.6491  0.0527  0.8572  0.0028
961.5569  11.1864  0.4419  0.0464  0.8667  0.0022
1074.8244  11.2363  0.4478  0.057  0.8977  0.0044
623.3526  9.7251  0.3891  0.0402  0.9282  0.0017
497.1891  11.1636  0.321  0.0632  0.9002  0.0315
405.7519  4.9703  0.6249  0.2059  0.9386  0.0427
544.8096  5.981  0.5795  0.4246  0.8515  0.1803
466.6072  4.3652  0.6176  0.2433  0.8462  0.0592
159.1673  4.5444  0.4991  0.0597  0.971  0.0041
591.9696  8.6885  0.3892  0.0426  0.886  0.0018
777.8663  13.2206  0.3105  0.0358  0.9012  0.0015
322.0082  7.4131  0.3996  0.0511  0.845  0.0027
708.1779  11.8509  0.3295  0.0524  0.8922  0.0045
351.2469  4.1801  0.759  0.3773  0.8346  0.143
1627.6137  17.1447  0.2915  0.0274  0.8185  0.0009
479.119  6.3079  0.6294  0.1007  0.8454  0.0102
493.0463  6.8197  0.4684  0.0571  0.8664  0.0035
518.6027  8.5717  0.3407  0.0278  0.9399  0.0009
250.7192  5.9649  0.4163  0.0437  0.9445  0.0024
1219.2538  19.4109  0.156  0.0135  0.8586  0.0002
