898.0162  8.7921  0.3677  0.0328  0.7599  0.0011
1489.5463  18.5272  0.258  0.0332  0.7942  0.0011
2308.4834  22.1111  0.2634  0.0406  0.7845  0.0024
1585.3751  20.5944  0.2102  0.0263  0.82  0.0008
1337.1151  21.351  0.1869  0.0523  0.7491  0.0293
1113.5671  11.7058  0.441  0.1903  0.8325  0.0365
1091.1908  12.463  0.476  0.4082  0.7034  0.1666
880.8312  8.93  0.4216  0.2237  0.708  0.0501
570.618  11.3263  0.2838  0.0396  0.9006  0.0019
1625.1192  19.734  0.1956  0.0255  0.6884  0.0007
1955.0964  26.4543  0.163  0.026  0.7562  0.0008
673.7959  13.7425  0.2262  0.0328  0.6633  0.0011
1571.3234  22.5253  0.1948  0.0409  0.7607  0.0029
728.8697  7.728  0.6308  0.3323  0.6602  0.1109
2687.4325  26.0625  0.1697  0.0196  0.6978  0.0004
940.9164  12.6681  0.4368  0.0733  0.6978  0.0054
1162.6741  15.1059  0.2566  0.0365  0.7005  0.0015
1326.7736  18.7925  0.1738  0.0178  0.8419  0.0004
734.0025  13.8333  0.2163  0.0278  0.8386  0.001
2349.9169  31.3319  0.077  0.0096  0.7275  0.0001
