736.6533  6.4814  0.5091  0.0419  0.8028  0.0018
1186.2974  14.6708  0.3413  0.039  0.8358  0.0015
1614.1303  16.061  0.3493  0.0481  0.8486  0.0033
1044.3944  14.7784  0.2916  0.0328  0.8807  0.0012
909.4184  16.4096  0.2453  0.0571  0.8275  0.0304
706.2907  7.9326  0.5296  0.1995  0.8933  0.0401
894.6747  9.3386  0.5184  0.4183  0.7565  0.175
703.7956  6.5605  0.5127  0.2345  0.7672  0.055
321.8584  7.5246  0.3839  0.049  0.943  0.0028
1096.8316  13.9504  0.2783  0.0326  0.7891  0.0011
1358.3941  19.8003  0.2276  0.0306  0.8292  0.0011
501.8097  10.6334  0.3036  0.0409  0.7548  0.0017
1088.6612  16.8343  0.253  0.0465  0.8342  0.0036
540.3909  6.043  0.6945  0.3563  0.7467  0.1275
2247.0817  21.7493  0.2262  0.023  0.7493  0.0006
682.4569  9.198  0.5333  0.0865  0.7799  0.0075
872.1555  10.8876  0.3535  0.0457  0.7684  0.0023
891.5555  13.3332  0.2445  0.0221  0.8962  0.0006
454.7691  9.567  0.3033  0.0346  0.8995  0.0016
1801.7165  25.9643  0.1068  0.011  0.791  0.0001
