200.7656  2.274  0.7868  0.0664  0.9454  0.0044
406.9561  6.3346  0.567  0.0563  0.9435  0.0032
399.8688  5.6665  0.5814  0.0685  0.9615  0.006
204.957  4.8178  0.5255  0.05  0.9764  0.0026
144.1914  5.5129  0.4369  0.072  0.968  0.0327
143.9374  2.3717  0.7391  0.2124  0.9782  0.0454
170.5347  2.1217  0.7448  0.2522  0.9439  0.0637
46.5703  2.1059  0.6465  0.073  0.9913  0.0058
182.0788  4.1541  0.5406  0.0575  0.9649  0.0033
245.2018  6.6211  0.4367  0.0426  0.9686  0.002
109.5574  3.7748  0.5352  0.0655  0.948  0.0045
245.0758  6.1651  0.4497  0.0597  0.9627  0.0055
125.1525  2.1277  0.8277  0.3944  0.9409  0.1562
679.3419  10.3324  0.3888  0.0349  0.9244  0.0014
204.8541  3.5725  0.7312  0.1153  0.9338  0.0133
151.7294  3.1936  0.615  0.0721  0.9583  0.0055
160.7282  4.1287  0.49  0.037  0.9812  0.0015
83.1572  2.8956  0.5717  0.0568  0.9817  0.0038
422.8977  10.2293  0.2549  0.0187  0.951  0.0004
